number node 256
end header!
l 1 2 3 5 6 7 9 10 11 13 14 15 21 22 23 25 26 27 29 30 31 37 38 39 41 42 43 45 46 47 53 54 55 57 58 59 61 62 63 85 86 87 89 90 91 93 94 95 101 102 103 105 106 107 109 110 111 117 118 119 121 122 123 125 126 127 149 150 151 153 154 155 157 158 159 165 166 167 169 170 171 173 174 175 181 182 183 185 186 187 189 190 191 213 214 215 217 218 219 221 222 223 229 230 231 233 234 235 237 238 239 245 246 247 249 250 251 253 254 255 
l 0 2 3 
l 0 1 3 
l 0 1 2 
l 5 6 7 8 12 
l 0 4 6 7 
l 0 4 5 7 
l 0 4 5 6 
l 4 9 10 11 12 
l 0 8 10 11 
l 0 8 9 11 
l 0 8 9 10 
l 4 8 13 14 15 
l 0 12 14 15 
l 0 12 13 15 
l 0 12 13 14 
l 17 18 19 21 22 23 25 26 27 29 30 31 32 48 
l 16 18 19 
l 16 17 19 
l 16 17 18 
l 21 22 23 24 28 
l 0 16 20 22 23 
l 0 16 20 21 23 
l 0 16 20 21 22 
l 20 25 26 27 28 
l 0 16 24 26 27 
l 0 16 24 25 27 
l 0 16 24 25 26 
l 20 24 29 30 31 
l 0 16 28 30 31 
l 0 16 28 29 31 
l 0 16 28 29 30 
l 16 33 34 35 37 38 39 41 42 43 45 46 47 48 
l 32 34 35 
l 32 33 35 
l 32 33 34 
l 37 38 39 40 44 
l 0 32 36 38 39 
l 0 32 36 37 39 
l 0 32 36 37 38 
l 36 41 42 43 44 
l 0 32 40 42 43 
l 0 32 40 41 43 
l 0 32 40 41 42 
l 36 40 45 46 47 
l 0 32 44 46 47 
l 0 32 44 45 47 
l 0 32 44 45 46 
l 16 32 49 50 51 53 54 55 57 58 59 61 62 63 
l 48 50 51 
l 48 49 51 
l 48 49 50 
l 53 54 55 56 60 
l 0 48 52 54 55 
l 0 48 52 53 55 
l 0 48 52 53 54 
l 52 57 58 59 60 
l 0 48 56 58 59 
l 0 48 56 57 59 
l 0 48 56 57 58 
l 52 56 61 62 63 
l 0 48 60 62 63 
l 0 48 60 61 63 
l 0 48 60 61 62 
l 65 66 67 69 70 71 73 74 75 77 78 79 85 86 87 89 90 91 93 94 95 101 102 103 105 106 107 109 110 111 117 118 119 121 122 123 125 126 127 128 192 
l 64 66 67 
l 64 65 67 
l 64 65 66 
l 69 70 71 72 76 
l 64 68 70 71 
l 64 68 69 71 
l 64 68 69 70 
l 68 73 74 75 76 
l 64 72 74 75 
l 64 72 73 75 
l 64 72 73 74 
l 68 72 77 78 79 
l 64 76 78 79 
l 64 76 77 79 
l 64 76 77 78 
l 81 82 83 85 86 87 89 90 91 93 94 95 96 112 
l 80 82 83 
l 80 81 83 
l 80 81 82 
l 85 86 87 88 92 
l 0 64 80 84 86 87 
l 0 64 80 84 85 87 
l 0 64 80 84 85 86 
l 84 89 90 91 92 
l 0 64 80 88 90 91 
l 0 64 80 88 89 91 
l 0 64 80 88 89 90 
l 84 88 93 94 95 
l 0 64 80 92 94 95 
l 0 64 80 92 93 95 
l 0 64 80 92 93 94 
l 80 97 98 99 101 102 103 105 106 107 109 110 111 112 
l 96 98 99 
l 96 97 99 
l 96 97 98 
l 101 102 103 104 108 
l 0 64 96 100 102 103 
l 0 64 96 100 101 103 
l 0 64 96 100 101 102 
l 100 105 106 107 108 
l 0 64 96 104 106 107 
l 0 64 96 104 105 107 
l 0 64 96 104 105 106 
l 100 104 109 110 111 
l 0 64 96 108 110 111 
l 0 64 96 108 109 111 
l 0 64 96 108 109 110 
l 80 96 113 114 115 117 118 119 121 122 123 125 126 127 
l 112 114 115 
l 112 113 115 
l 112 113 114 
l 117 118 119 120 124 
l 0 64 112 116 118 119 
l 0 64 112 116 117 119 
l 0 64 112 116 117 118 
l 116 121 122 123 124 
l 0 64 112 120 122 123 
l 0 64 112 120 121 123 
l 0 64 112 120 121 122 
l 116 120 125 126 127 
l 0 64 112 124 126 127 
l 0 64 112 124 125 127 
l 0 64 112 124 125 126 
l 64 129 130 131 133 134 135 137 138 139 141 142 143 149 150 151 153 154 155 157 158 159 165 166 167 169 170 171 173 174 175 181 182 183 185 186 187 189 190 191 192 
l 128 130 131 
l 128 129 131 
l 128 129 130 
l 133 134 135 136 140 
l 128 132 134 135 
l 128 132 133 135 
l 128 132 133 134 
l 132 137 138 139 140 
l 128 136 138 139 
l 128 136 137 139 
l 128 136 137 138 
l 132 136 141 142 143 
l 128 140 142 143 
l 128 140 141 143 
l 128 140 141 142 
l 145 146 147 149 150 151 153 154 155 157 158 159 160 176 
l 144 146 147 
l 144 145 147 
l 144 145 146 
l 149 150 151 152 156 
l 0 128 144 148 150 151 
l 0 128 144 148 149 151 
l 0 128 144 148 149 150 
l 148 153 154 155 156 
l 0 128 144 152 154 155 
l 0 128 144 152 153 155 
l 0 128 144 152 153 154 
l 148 152 157 158 159 
l 0 128 144 156 158 159 
l 0 128 144 156 157 159 
l 0 128 144 156 157 158 
l 144 161 162 163 165 166 167 169 170 171 173 174 175 176 
l 160 162 163 
l 160 161 163 
l 160 161 162 
l 165 166 167 168 172 
l 0 128 160 164 166 167 
l 0 128 160 164 165 167 
l 0 128 160 164 165 166 
l 164 169 170 171 172 
l 0 128 160 168 170 171 
l 0 128 160 168 169 171 
l 0 128 160 168 169 170 
l 164 168 173 174 175 
l 0 128 160 172 174 175 
l 0 128 160 172 173 175 
l 0 128 160 172 173 174 
l 144 160 177 178 179 181 182 183 185 186 187 189 190 191 
l 176 178 179 
l 176 177 179 
l 176 177 178 
l 181 182 183 184 188 
l 0 128 176 180 182 183 
l 0 128 176 180 181 183 
l 0 128 176 180 181 182 
l 180 185 186 187 188 
l 0 128 176 184 186 187 
l 0 128 176 184 185 187 
l 0 128 176 184 185 186 
l 180 184 189 190 191 
l 0 128 176 188 190 191 
l 0 128 176 188 189 191 
l 0 128 176 188 189 190 
l 64 128 193 194 195 197 198 199 201 202 203 205 206 207 213 214 215 217 218 219 221 222 223 229 230 231 233 234 235 237 238 239 245 246 247 249 250 251 253 254 255 
l 192 194 195 
l 192 193 195 
l 192 193 194 
l 197 198 199 200 204 
l 192 196 198 199 
l 192 196 197 199 
l 192 196 197 198 
l 196 201 202 203 204 
l 192 200 202 203 
l 192 200 201 203 
l 192 200 201 202 
l 196 200 205 206 207 
l 192 204 206 207 
l 192 204 205 207 
l 192 204 205 206 
l 209 210 211 213 214 215 217 218 219 221 222 223 224 240 
l 208 210 211 
l 208 209 211 
l 208 209 210 
l 213 214 215 216 220 
l 0 192 208 212 214 215 
l 0 192 208 212 213 215 
l 0 192 208 212 213 214 
l 212 217 218 219 220 
l 0 192 208 216 218 219 
l 0 192 208 216 217 219 
l 0 192 208 216 217 218 
l 212 216 221 222 223 
l 0 192 208 220 222 223 
l 0 192 208 220 221 223 
l 0 192 208 220 221 222 
l 208 225 226 227 229 230 231 233 234 235 237 238 239 240 
l 224 226 227 
l 224 225 227 
l 224 225 226 
l 229 230 231 232 236 
l 0 192 224 228 230 231 
l 0 192 224 228 229 231 
l 0 192 224 228 229 230 
l 228 233 234 235 236 
l 0 192 224 232 234 235 
l 0 192 224 232 233 235 
l 0 192 224 232 233 234 
l 228 232 237 238 239 
l 0 192 224 236 238 239 
l 0 192 224 236 237 239 
l 0 192 224 236 237 238 
l 208 224 241 242 243 245 246 247 249 250 251 253 254 255 
l 240 242 243 
l 240 241 243 
l 240 241 242 
l 245 246 247 248 252 
l 0 192 240 244 246 247 
l 0 192 240 244 245 247 
l 0 192 240 244 245 246 
l 244 249 250 251 252 
l 0 192 240 248 250 251 
l 0 192 240 248 249 251 
l 0 192 240 248 249 250 
l 244 248 253 254 255 
l 0 192 240 252 254 255 
l 0 192 240 252 253 255 
l 0 192 240 252 253 254 
